# relative_time, cycles_done, cur_item, corpus_count, pending_total, pending_favs, map_size, saved_crashes, saved_hangs, max_depth, execs_per_sec, total_execs, edges_found, total_crashes, servers_count
61, 3462, 0, 2, 0, 0, 20.00%, 0, 0, 1, 5585.43, 346323, 2, 0, 0
66, 3744, 0, 2, 0, 0, 20.00%, 0, 0, 1, 5583.60, 374523, 2, 0, 0
71, 4032, 0, 2, 0, 0, 20.00%, 0, 0, 1, 5458.28, 403323, 2, 0, 0
76, 4325, 0, 2, 0, 0, 20.00%, 0, 0, 1, 5593.85, 432623, 2, 0, 0
82, 4621, 0, 2, 0, 0, 20.00%, 0, 0, 1, 5672.27, 462223, 2, 0, 0
87, 4921, 0, 2, 0, 0, 20.00%, 0, 0, 1, 5831.37, 492223, 2, 0, 0
92, 5221, 0, 2, 0, 0, 20.00%, 0, 0, 1, 5820.51, 522223, 2, 0, 0
97, 5510, 0, 2, 0, 0, 20.00%, 0, 0, 1, 5557.19, 551123, 2, 0, 0
102, 5791, 0, 2, 0, 0, 20.00%, 0, 0, 1, 5428.53, 579223, 2, 0, 0
107, 6078, 0, 2, 0, 0, 20.00%, 0, 0, 1, 5538.36, 607923, 2, 0, 0
112, 6369, 0, 2, 0, 0, 20.00%, 0, 0, 1, 5595.48, 637023, 2, 0, 0
118, 6655, 0, 2, 0, 0, 20.00%, 0, 0, 1, 5564.51, 665623, 2, 0, 0
123, 6954, 0, 2, 0, 0, 20.00%, 0, 0, 1, 5789.61, 695523, 2, 0, 0
128, 7252, 0, 2, 0, 0, 20.00%, 0, 0, 1, 5750.10, 725323, 2, 0, 0
133, 7530, 0, 2, 0, 0, 20.00%, 0, 0, 1, 5412.99, 753123, 2, 0, 0
138, 7823, 0, 2, 0, 0, 20.00%, 0, 0, 1, 5775.71, 782423, 2, 0, 0
143, 8116, 0, 2, 0, 0, 20.00%, 0, 0, 1, 5693.38, 811723, 2, 0, 0
149, 8408, 0, 2, 0, 0, 20.00%, 0, 0, 1, 5676.27, 840923, 2, 0, 0
154, 8679, 0, 2, 0, 0, 20.00%, 0, 0, 1, 5509.14, 868023, 2, 0, 0
159, 8960, 0, 2, 0, 0, 20.00%, 0, 0, 1, 5467.12, 896123, 2, 0, 0
164, 9242, 0, 2, 0, 0, 20.00%, 0, 0, 1, 5586.72, 924323, 2, 0, 0
169, 9528, 0, 2, 0, 0, 20.00%, 0, 0, 1, 5538.19, 952923, 2, 0, 0
174, 9821, 0, 2, 0, 0, 20.00%, 0, 0, 1, 5610.97, 982223, 2, 0, 0
179, 10101, 0, 2, 0, 0, 20.00%, 0, 0, 1, 5557.14, 1010223, 2, 0, 0
184, 10399, 0, 2, 0, 0, 20.00%, 0, 0, 1, 5657.75, 1040023, 2, 0, 0
189, 10695, 0, 2, 0, 0, 20.00%, 0, 0, 1, 5677.57, 1069623, 2, 0, 0
195, 10975, 0, 2, 0, 0, 20.00%, 0, 0, 1, 5442.63, 1097623, 2, 0, 0
200, 11250, 0, 2, 0, 0, 20.00%, 0, 0, 1, 5510.46, 1125123, 2, 0, 0
205, 11543, 0, 2, 0, 0, 20.00%, 0, 0, 1, 5621.91, 1154423, 2, 0, 0
210, 11833, 0, 2, 0, 0, 20.00%, 0, 0, 1, 5654.48, 1183423, 2, 0, 0
215, 12115, 0, 2, 0, 0, 20.00%, 0, 0, 1, 5676.93, 1211623, 2, 0, 0
220, 12408, 0, 2, 0, 0, 20.00%, 0, 0, 1, 5653.94, 1240923, 2, 0, 0
225, 12701, 0, 2, 0, 0, 20.00%, 0, 0, 1, 5798.04, 1270223, 2, 0, 0
230, 12997, 0, 2, 0, 0, 20.00%, 0, 0, 1, 5793.33, 1299823, 2, 0, 0
236, 13281, 0, 2, 0, 0, 20.00%, 0, 0, 1, 5655.83, 1328223, 2, 0, 0
241, 13561, 0, 2, 0, 0, 20.00%, 0, 0, 1, 5468.45, 1356223, 2, 0, 0
246, 13827, 0, 2, 0, 0, 20.00%, 0, 0, 1, 5300.78, 1382823, 2, 0, 0
251, 14121, 0, 2, 0, 0, 20.00%, 0, 0, 1, 5655.21, 1412223, 2, 0, 0
256, 14417, 0, 2, 0, 0, 20.00%, 0, 0, 1, 5743.78, 1441823, 2, 0, 0
261, 14717, 0, 2, 0, 0, 20.00%, 0, 0, 1, 5860.33, 1471823, 2, 0, 0
266, 14993, 0, 2, 0, 0, 20.00%, 0, 0, 1, 5344.71, 1499423, 2, 0, 0
272, 15243, 0, 2, 0, 0, 20.00%, 0, 0, 1, 4832.63, 1524421, 2, 0, 0
277, 15481, 0, 2, 0, 0, 20.00%, 0, 0, 1, 4828.82, 1548220, 2, 0, 0
282, 15728, 0, 2, 0, 0, 20.00%, 0, 0, 1, 4802.62, 1572920, 2, 0, 0
287, 15970, 0, 2, 0, 0, 20.00%, 0, 0, 1, 4844.60, 1597121, 2, 0, 0
292, 16198, 0, 2, 0, 0, 20.00%, 0, 0, 1, 4548.69, 1619915, 2, 0, 0
297, 16435, 0, 2, 0, 0, 20.00%, 0, 0, 1, 4620.83, 1643616, 2, 0, 0
302, 16669, 0, 2, 0, 0, 20.00%, 0, 0, 1, 4589.44, 1667015, 2, 0, 0
307, 16897, 0, 2, 0, 0, 20.00%, 0, 0, 1, 4488.71, 1689814, 2, 0, 0
312, 17120, 0, 2, 0, 0, 20.00%, 0, 0, 1, 4473.28, 1712113, 2, 0, 0
317, 17371, 0, 2, 0, 0, 20.00%, 0, 0, 1, 4754.19, 1737219, 2, 0, 0
322, 17619, 0, 2, 0, 0, 20.00%, 0, 0, 1, 4695.72, 1762018, 2, 0, 0
328, 17849, 0, 2, 0, 0, 20.00%, 0, 0, 1, 4628.24, 1785016, 2, 0, 0
333, 18124, 0, 2, 0, 0, 20.00%, 0, 0, 1, 5324.72, 1812523, 2, 0, 0
338, 18409, 0, 2, 0, 0, 20.00%, 0, 0, 1, 5450.30, 1841023, 2, 0, 0
343, 18683, 0, 2, 0, 0, 20.00%, 0, 0, 1, 5534.22, 1868423, 2, 0, 0
348, 18979, 0, 2, 0, 0, 20.00%, 0, 0, 1, 5823.91, 1898023, 2, 0, 0
353, 19266, 0, 2, 0, 0, 20.00%, 0, 0, 1, 5609.56, 1926723, 2, 0, 0
358, 19565, 0, 2, 0, 0, 20.00%, 0, 0, 1, 5766.20, 1956623, 2, 0, 0
363, 19859, 0, 2, 0, 0, 20.00%, 0, 0, 1, 5789.94, 1986023, 2, 0, 0
368, 20148, 0, 2, 0, 0, 20.00%, 0, 0, 1, 5564.65, 2014923, 2, 0, 0
374, 20447, 0, 2, 0, 0, 20.00%, 0, 0, 1, 5798.39, 2044823, 2, 0, 0
379, 20753, 0, 2, 0, 0, 20.00%, 0, 0, 1, 5904.60, 2075423, 2, 0, 0
384, 21030, 0, 2, 0, 0, 20.00%, 0, 0, 1, 5683.67, 2103123, 2, 0, 0
389, 21327, 0, 2, 0, 0, 20.00%, 0, 0, 1, 5891.85, 2132823, 2, 0, 0
394, 21633, 0, 2, 0, 0, 20.00%, 0, 0, 1, 5888.37, 2163423, 2, 0, 0
399, 21927, 0, 2, 0, 0, 20.00%, 0, 0, 1, 5861.28, 2192823, 2, 0, 0
404, 22233, 0, 2, 0, 0, 20.00%, 0, 0, 1, 5923.96, 2223423, 2, 0, 0
409, 22537, 0, 2, 0, 0, 20.00%, 0, 0, 1, 5934.57, 2253823, 2, 0, 0
415, 22829, 0, 2, 0, 0, 20.00%, 0, 0, 1, 5669.02, 2283023, 2, 0, 0
420, 23094, 0, 2, 0, 0, 20.00%, 0, 0, 1, 5435.84, 2309523, 2, 0, 0
425, 23344, 0, 2, 0, 0, 20.00%, 0, 0, 1, 4952.89, 2334523, 2, 0, 0
430, 23572, 0, 2, 0, 0, 20.00%, 0, 0, 1, 4574.45, 2357316, 2, 0, 0
435, 23827, 0, 2, 0, 0, 20.00%, 0, 0, 1, 4900.71, 2382821, 2, 0, 0
440, 24062, 0, 2, 0, 0, 20.00%, 0, 0, 1, 4676.10, 2406318, 2, 0, 0
445, 24303, 0, 2, 0, 0, 20.00%, 0, 0, 1, 4699.77, 2430418, 2, 0, 0
450, 24523, 0, 2, 0, 0, 20.00%, 0, 0, 1, 4443.74, 2452413, 2, 0, 0
455, 24755, 0, 2, 0, 0, 20.00%, 0, 0, 1, 4574.01, 2475615, 2, 0, 0
460, 24996, 0, 2, 0, 0, 20.00%, 0, 0, 1, 4780.26, 2499719, 2, 0, 0
465, 25239, 0, 2, 0, 0, 20.00%, 0, 0, 1, 4778.76, 2524019, 2, 0, 0
470, 25505, 0, 2, 0, 0, 20.00%, 0, 0, 1, 5121.66, 2550623, 2, 0, 0
475, 25714, 0, 2, 0, 0, 20.00%, 0, 0, 1, 4287.77, 2571510, 2, 0, 0
481, 25951, 0, 2, 0, 0, 20.00%, 0, 0, 1, 4589.61, 2595215, 2, 0, 0
486, 26183, 0, 2, 0, 0, 20.00%, 0, 0, 1, 4564.03, 2618415, 2, 0, 0
491, 26416, 0, 2, 0, 0, 20.00%, 0, 0, 1, 4619.04, 2641716, 2, 0, 0
496, 26652, 0, 2, 0, 0, 20.00%, 0, 0, 1, 4742.45, 2665318, 2, 0, 0
501, 26877, 0, 2, 0, 0, 20.00%, 0, 0, 1, 4546.69, 2687814, 2, 0, 0
506, 27110, 0, 2, 0, 0, 20.00%, 0, 0, 1, 4623.61, 2711116, 2, 0, 0
511, 27351, 0, 2, 0, 0, 20.00%, 0, 0, 1, 4847.09, 2735220, 2, 0, 0
516, 27604, 0, 2, 0, 0, 20.00%, 0, 0, 1, 4899.61, 2760522, 2, 0, 0
521, 27849, 0, 2, 0, 0, 20.00%, 0, 0, 1, 4841.26, 2785021, 2, 0, 0
526, 28066, 0, 2, 0, 0, 20.00%, 0, 0, 1, 4405.45, 2806711, 2, 0, 0
531, 28302, 0, 2, 0, 0, 20.00%, 0, 0, 1, 4432.91, 2830313, 2, 0, 0
536, 28534, 0, 2, 0, 0, 20.00%, 0, 0, 1, 4570.06, 2853514, 2, 0, 0
541, 28776, 0, 2, 0, 0, 20.00%, 0, 0, 1, 4693.89, 2877717, 2, 0, 0
546, 29070, 0, 2, 0, 0, 20.00%, 0, 0, 1, 5514.27, 2907123, 2, 0, 0
551, 29336, 0, 2, 0, 0, 20.00%, 0, 0, 1, 5275.48, 2933723, 2, 0, 0
556, 29612, 0, 2, 0, 0, 20.00%, 0, 0, 1, 5457.82, 2961323, 2, 0, 0
562, 29904, 0, 2, 0, 0, 20.00%, 0, 0, 1, 5628.15, 2990523, 2, 0, 0
567, 30181, 0, 2, 0, 0, 20.00%, 0, 0, 1, 5301.80, 3018223, 2, 0, 0
572, 30477, 0, 2, 0, 0, 20.00%, 0, 0, 1, 5691.84, 3047823, 2, 0, 0
577, 30775, 0, 2, 0, 0, 20.00%, 0, 0, 1, 5815.88, 3077623, 2, 0, 0
582, 31081, 0, 2, 0, 0, 20.00%, 0, 0, 1, 5860.64, 3108223, 2, 0, 0
587, 31382, 0, 2, 0, 0, 20.00%, 0, 0, 1, 5985.17, 3138323, 2, 0, 0
592, 31682, 0, 2, 0, 0, 20.00%, 0, 0, 1, 5973.60, 3168323, 2, 0, 0
598, 31994, 0, 2, 0, 0, 20.00%, 0, 0, 1, 5997.07, 3199523, 2, 0, 0
603, 32297, 0, 2, 0, 0, 20.00%, 0, 0, 1, 5883.07, 3229823, 2, 0, 0
608, 32581, 0, 2, 0, 0, 20.00%, 0, 0, 1, 5522.73, 3258223, 2, 0, 0
613, 32846, 0, 2, 0, 0, 20.00%, 0, 0, 1, 5258.85, 3284723, 2, 0, 0
618, 33113, 0, 2, 0, 0, 20.00%, 0, 0, 1, 5220.21, 3311423, 2, 0, 0
623, 33359, 0, 2, 0, 0, 20.00%, 0, 0, 1, 5078.07, 3336023, 2, 0, 0
628, 33589, 0, 2, 0, 0, 20.00%, 0, 0, 1, 4616.72, 3359015, 2, 0, 0
633, 33827, 0, 2, 0, 0, 20.00%, 0, 0, 1, 4724.60, 3382818, 2, 0, 0
638, 34071, 0, 2, 0, 0, 20.00%, 0, 0, 1, 4646.03, 3407217, 2, 0, 0
643, 34300, 0, 2, 0, 0, 20.00%, 0, 0, 1, 4630.11, 3430115, 2, 0, 0
648, 34537, 0, 2, 0, 0, 20.00%, 0, 0, 1, 4523.83, 3453814, 2, 0, 0
654, 34773, 0, 2, 0, 0, 20.00%, 0, 0, 1, 4620.06, 3477423, 2, 0, 0
659, 35019, 0, 2, 0, 0, 20.00%, 0, 0, 1, 4830.62, 3502020, 2, 0, 0
664, 35270, 0, 2, 0, 0, 20.00%, 0, 0, 1, 4851.44, 3527120, 2, 0, 0
669, 35505, 0, 2, 0, 0, 20.00%, 0, 0, 1, 4723.05, 3550618, 2, 0, 0
674, 35742, 0, 2, 0, 0, 20.00%, 0, 0, 1, 4722.73, 3574318, 2, 0, 0
679, 35969, 0, 2, 0, 0, 20.00%, 0, 0, 1, 4451.64, 3597011, 2, 0, 0
684, 36266, 0, 2, 0, 0, 20.00%, 0, 0, 1, 5504.25, 3626723, 2, 0, 0
689, 36564, 0, 2, 0, 0, 20.00%, 0, 0, 1, 5697.97, 3656523, 2, 0, 0
695, 36865, 0, 2, 0, 0, 20.00%, 0, 0, 1, 5817.73, 3686623, 2, 0, 0
700, 37165, 0, 2, 0, 0, 20.00%, 0, 0, 1, 5810.62, 3716623, 2, 0, 0
705, 37457, 0, 2, 0, 0, 20.00%, 0, 0, 1, 5701.45, 3745823, 2, 0, 0
710, 37753, 0, 2, 0, 0, 20.00%, 0, 0, 1, 5845.72, 3775423, 2, 0, 0
715, 38053, 0, 2, 0, 0, 20.00%, 0, 0, 1, 5861.54, 3805423, 2, 0, 0
720, 38356, 0, 2, 0, 0, 20.00%, 0, 0, 1, 5967.27, 3835723, 2, 0, 0
725, 38663, 0, 2, 0, 0, 20.00%, 0, 0, 1, 5892.18, 3866423, 2, 0, 0
730, 38971, 0, 2, 0, 0, 20.00%, 0, 0, 1, 5929.85, 3897223, 2, 0, 0
736, 39278, 0, 2, 0, 0, 20.00%, 0, 0, 1, 5956.67, 3927923, 2, 0, 0
741, 39585, 0, 2, 0, 0, 20.00%, 0, 0, 1, 5966.17, 3958524, 2, 0, 0
746, 39882, 0, 2, 0, 0, 20.00%, 0, 0, 1, 5739.25, 3988323, 2, 0, 0
751, 40137, 0, 2, 0, 0, 20.00%, 0, 0, 1, 5122.00, 4013823, 2, 0, 0
756, 40379, 0, 2, 0, 0, 20.00%, 0, 0, 1, 4895.38, 4038021, 2, 0, 0
761, 40640, 0, 2, 0, 0, 20.00%, 0, 0, 1, 5054.75, 4064123, 2, 0, 0
766, 40893, 0, 2, 0, 0, 20.00%, 0, 0, 1, 5025.80, 4089423, 2, 0, 0
771, 41136, 0, 2, 0, 0, 20.00%, 0, 0, 1, 4874.42, 4113721, 2, 0, 0
776, 41383, 0, 2, 0, 0, 20.00%, 0, 0, 1, 4922.76, 4138422, 2, 0, 0
781, 41609, 0, 2, 0, 0, 20.00%, 0, 0, 1, 4611.00, 4161016, 2, 0, 0
786, 41899, 0, 2, 0, 0, 20.00%, 0, 0, 1, 5446.66, 4190023, 2, 0, 0
792, 42193, 0, 2, 0, 0, 20.00%, 0, 0, 1, 5614.66, 4219423, 2, 0, 0
797, 42489, 0, 2, 0, 0, 20.00%, 0, 0, 1, 5726.57, 4249023, 2, 0, 0
802, 42789, 0, 2, 0, 0, 20.00%, 0, 0, 1, 5804.66, 4279023, 2, 0, 0
807, 43094, 0, 2, 0, 0, 20.00%, 0, 0, 1, 5886.44, 4309523, 2, 0, 0
812, 43391, 0, 2, 0, 0, 20.00%, 0, 0, 1, 5778.88, 4339223, 2, 0, 0
817, 43691, 0, 2, 0, 0, 20.00%, 0, 0, 1, 5842.50, 4369223, 2, 0, 0
822, 43990, 0, 2, 0, 0, 20.00%, 0, 0, 1, 5813.71, 4399123, 2, 0, 0
828, 44290, 0, 2, 0, 0, 20.00%, 0, 0, 1, 5847.36, 4429123, 2, 0, 0
833, 44584, 0, 2, 0, 0, 20.00%, 0, 0, 1, 5719.76, 4458523, 2, 0, 0
838, 44877, 0, 2, 0, 0, 20.00%, 0, 0, 1, 5699.22, 4487823, 2, 0, 0
843, 45177, 0, 2, 0, 0, 20.00%, 0, 0, 1, 5802.24, 4517823, 2, 0, 0
848, 45474, 0, 2, 0, 0, 20.00%, 0, 0, 1, 5730.84, 4547523, 2, 0, 0
853, 45761, 0, 2, 0, 0, 20.00%, 0, 0, 1, 5730.80, 4576223, 2, 0, 0
858, 46057, 0, 2, 0, 0, 20.00%, 0, 0, 1, 5738.27, 4605823, 2, 0, 0
864, 46348, 0, 2, 0, 0, 20.00%, 0, 0, 1, 5676.75, 4634923, 2, 0, 0
869, 46647, 0, 2, 0, 0, 20.00%, 0, 0, 1, 5736.17, 4664823, 2, 0, 0
874, 46945, 0, 2, 0, 0, 20.00%, 0, 0, 1, 5729.57, 4694623, 2, 0, 0
879, 47232, 0, 2, 0, 0, 20.00%, 0, 0, 1, 5689.58, 4723323, 2, 0, 0
884, 47536, 0, 2, 0, 0, 20.00%, 0, 0, 1, 5831.71, 4753723, 2, 0, 0
889, 47842, 0, 2, 0, 0, 20.00%, 0, 0, 1, 5912.03, 4784323, 2, 0, 0
894, 48140, 0, 2, 0, 0, 20.00%, 0, 0, 1, 5811.96, 4814123, 2, 0, 0
900, 48445, 0, 2, 0, 0, 20.00%, 0, 0, 1, 5822.17, 4844623, 2, 0, 0
905, 48740, 0, 2, 0, 0, 20.00%, 0, 0, 1, 5766.46, 4874123, 2, 0, 0
910, 49038, 0, 2, 0, 0, 20.00%, 0, 0, 1, 5741.94, 4903923, 2, 0, 0
915, 49325, 0, 2, 0, 0, 20.00%, 0, 0, 1, 5679.20, 4932524, 2, 0, 0
920, 49627, 0, 2, 0, 0, 20.00%, 0, 0, 1, 5785.82, 4962823, 2, 0, 0
925, 49926, 0, 2, 0, 0, 20.00%, 0, 0, 1, 5824.08, 4992723, 2, 0, 0
930, 50226, 0, 2, 0, 0, 20.00%, 0, 0, 1, 5844.20, 5022723, 2, 0, 0
935, 50501, 0, 2, 0, 0, 20.00%, 0, 0, 1, 5634.12, 5050223, 2, 0, 0
941, 50806, 0, 2, 0, 0, 20.00%, 0, 0, 1, 5890.16, 5080723, 2, 0, 0
946, 51090, 0, 2, 0, 0, 20.00%, 0, 0, 1, 5571.06, 5109123, 2, 0, 0
951, 51388, 0, 2, 0, 0, 20.00%, 0, 0, 1, 5768.41, 5138923, 2, 0, 0
956, 51690, 0, 2, 0, 0, 20.00%, 0, 0, 1, 5863.13, 5169123, 2, 0, 0
961, 51993, 0, 2, 0, 0, 20.00%, 0, 0, 1, 5949.25, 5199423, 2, 0, 0
966, 52264, 0, 2, 0, 0, 20.00%, 0, 0, 1, 5436.53, 5226523, 2, 0, 0
971, 52497, 0, 2, 0, 0, 20.00%, 0, 0, 1, 4703.95, 5249818, 2, 0, 0
976, 52738, 0, 2, 0, 0, 20.00%, 0, 0, 1, 4834.09, 5273921, 2, 0, 0
981, 52980, 0, 2, 0, 0, 20.00%, 0, 0, 1, 4896.13, 5298121, 2, 0, 0
986, 53246, 0, 2, 0, 0, 20.00%, 0, 0, 1, 5086.36, 5324723, 2, 0, 0
992, 53478, 0, 2, 0, 0, 20.00%, 0, 0, 1, 4738.28, 5347918, 2, 0, 0
997, 53738, 0, 2, 0, 0, 20.00%, 0, 0, 1, 5145.67, 5373923, 2, 0, 0
1002, 54036, 0, 2, 0, 0, 20.00%, 0, 0, 1, 5629.03, 5403723, 2, 0, 0
1007, 54334, 0, 2, 0, 0, 20.00%, 0, 0, 1, 5764.49, 5433523, 2, 0, 0
1012, 54629, 0, 2, 0, 0, 20.00%, 0, 0, 1, 5752.67, 5463023, 2, 0, 0
1017, 54927, 0, 2, 0, 0, 20.00%, 0, 0, 1, 5779.19, 5492823, 2, 0, 0
1022, 55222, 0, 2, 0, 0, 20.00%, 0, 0, 1, 5687.65, 5522323, 2, 0, 0
1028, 55508, 0, 2, 0, 0, 20.00%, 0, 0, 1, 5691.55, 5550923, 2, 0, 0
1033, 55809, 0, 2, 0, 0, 20.00%, 0, 0, 1, 5893.93, 5581023, 2, 0, 0
1038, 56092, 0, 2, 0, 0, 20.00%, 0, 0, 1, 5522.52, 5609323, 2, 0, 0
1043, 56396, 0, 2, 0, 0, 20.00%, 0, 0, 1, 5802.82, 5639723, 2, 0, 0
1048, 56696, 0, 2, 0, 0, 20.00%, 0, 0, 1, 5833.39, 5669723, 2, 0, 0
1053, 56995, 0, 2, 0, 0, 20.00%, 0, 0, 1, 5818.12, 5699623, 2, 0, 0
1058, 57299, 0, 2, 0, 0, 20.00%, 0, 0, 1, 5919.27, 5730023, 2, 0, 0
1063, 57602, 0, 2, 0, 0, 20.00%, 0, 0, 1, 5928.03, 5760323, 2, 0, 0
1069, 57902, 0, 2, 0, 0, 20.00%, 0, 0, 1, 5851.49, 5790323, 2, 0, 0
1074, 58186, 0, 2, 0, 0, 20.00%, 0, 0, 1, 5594.01, 5818723, 2, 0, 0
1079, 58488, 0, 2, 0, 0, 20.00%, 0, 0, 1, 5864.19, 5848923, 2, 0, 0
1084, 58797, 0, 2, 0, 0, 20.00%, 0, 0, 1, 5976.62, 5879724, 2, 0, 0
1089, 59102, 0, 2, 0, 0, 20.00%, 0, 0, 1, 5954.44, 5910323, 2, 0, 0
1094, 59406, 0, 2, 0, 0, 20.00%, 0, 0, 1, 5914.09, 5940723, 2, 0, 0
1099, 59707, 0, 2, 0, 0, 20.00%, 0, 0, 1, 5952.77, 5970823, 2, 0, 0
1104, 60011, 0, 2, 0, 0, 20.00%, 0, 0, 1, 5972.88, 6001223, 2, 0, 0
1109, 60317, 0, 2, 0, 0, 20.00%, 0, 0, 1, 5995.36, 6031823, 2, 0, 0
1115, 60618, 0, 2, 0, 0, 20.00%, 0, 0, 1, 5939.29, 6061923, 2, 0, 0
1120, 60920, 0, 2, 0, 0, 20.00%, 0, 0, 1, 5948.87, 6092123, 2, 0, 0
1125, 61216, 0, 2, 0, 0, 20.00%, 0, 0, 1, 5808.23, 6121723, 2, 0, 0
1130, 61519, 0, 2, 0, 0, 20.00%, 0, 0, 1, 5910.00, 6152023, 2, 0, 0
1135, 61823, 0, 2, 0, 0, 20.00%, 0, 0, 1, 5922.49, 6182423, 2, 0, 0
1140, 62127, 0, 2, 0, 0, 20.00%, 0, 0, 1, 5948.16, 6212823, 2, 0, 0
1145, 62424, 0, 2, 0, 0, 20.00%, 0, 0, 1, 5811.23, 6242523, 2, 0, 0
1150, 62733, 0, 2, 0, 0, 20.00%, 0, 0, 1, 5957.71, 6273423, 2, 0, 0
1156, 63038, 0, 2, 0, 0, 20.00%, 0, 0, 1, 5980.34, 6303923, 2, 0, 0
1161, 63347, 0, 2, 0, 0, 20.00%, 0, 0, 1, 5960.34, 6334823, 2, 0, 0
1166, 63654, 0, 2, 0, 0, 20.00%, 0, 0, 1, 5985.50, 6365523, 2, 0, 0
1171, 63960, 0, 2, 0, 0, 20.00%, 0, 0, 1, 5987.58, 6396123, 2, 0, 0
1176, 64255, 0, 2, 0, 0, 20.00%, 0, 0, 1, 5876.27, 6425623, 2, 0, 0
1181, 64536, 0, 2, 0, 0, 20.00%, 0, 0, 1, 5488.78, 6453723, 2, 0, 0
1186, 64833, 0, 2, 0, 0, 20.00%, 0, 0, 1, 5766.03, 6483423, 2, 0, 0
1191, 65125, 0, 2, 0, 0, 20.00%, 0, 0, 1, 5571.22, 6512623, 2, 0, 0
1197, 65417, 0, 2, 0, 0, 20.00%, 0, 0, 1, 5704.64, 6541823, 2, 0, 0
1202, 65710, 0, 2, 0, 0, 20.00%, 0, 0, 1, 5687.27, 6571123, 2, 0, 0
1207, 65997, 0, 2, 0, 0, 20.00%, 0, 0, 1, 5722.47, 6599823, 2, 0, 0
1212, 66302, 0, 2, 0, 0, 20.00%, 0, 0, 1, 5865.88, 6630323, 2, 0, 0
1217, 66610, 0, 2, 0, 0, 20.00%, 0, 0, 1, 5918.90, 6661123, 2, 0, 0
1222, 66908, 0, 2, 0, 0, 20.00%, 0, 0, 1, 5716.30, 6690923, 2, 0, 0
1228, 67181, 0, 2, 0, 0, 20.00%, 0, 0, 1, 5312.13, 6718223, 2, 0, 0
1229, 67274, 2, 2, 0, 0, 20.00%, 0, 0, 1, 5532.79, 6727460, 2, 0, 0
